((("deinitMysql" .
   [0 0 1 0 0 0 0 0 0 0 0])
  ("$this" .
   [1 0 0 0 0])
  ("box" .
   [2 0 0])
  ("r" .
   [4])
  ("redis" .
   [7 0 0 0 0])
  ("mysql" .
   [0 0 0 0 1])
  ("db" .
   [0 1])
  ("pyplot" .
   [0 2 2 0 0 0])
  ("matplotlib" .
   [0 2 0 0 0 0 0 0 1 0])
  ("plot" .
   [0 2 1 0])
  ("numpy" .
   [0 0 2 1 0])
  ("arange" .
   [0 2 1 0 0 0])
  ("import" .
   [0 0 2 0 0 0])
  ("cocos" .
   [1 0 2 0 2])
  ("layer" .
   [0 1 0 0 0])
  ("base_layers" .
   [0 0 1 0 0 0 0 0 0 0 0])
  ("Layer" .
   [0 2 1 0 0])
  ("director" .
   [0 2 2 0 0 0 0 0])
  ("django" .
   [3 1 3 0 0 0])
  ("contrib" .
   [0 0 0 0 0 0 1])
  ("url" .
   [4 0 1])
  ("views" .
   [1 0 0 0 0])
  ("ss" .
   [5 0])
  ("Box" .
   [2 2 0])))
